(34.4413,0)
(89.0756,37.3296)
(-52.6104,-17.927)
(17.2257,31.7725)
(13.5442,-18.263)
(-21.5476,17.8007)
(-0.298631,20.9937)
(-3.31176,5.24713)
(-8.13407,-17.1699)
(-9.32151,6.2916)
(-1.59324,-3.43783)
(-1.82692,-2.70372)
(-1.36729,-1.38536)
(-0.770807,-1.75429)
(0.459127,-1.73409)
(2.24489,-0.797145)
(-1.67355,-2.1981)
(-0.47685,-2.45986)
(3.96384,-9.06433)
(-0.91693,0.598865)
(-1.01034,-0.187263)
(-0.722639,-0.487252)
(-0.387026,-0.40893)
(-1.00581,-0.3334)
(-0.960224,-0.815775)
(-0.362464,-0.526472)
(-0.436824,-0.398826)
(-1.18871,-0.809042)
(-0.196871,-0.227629)
(-0.308113,-0.542737)
(-0.402986,-0.496611)
(-0.302528,-0.597093)
(-0.121951,-0.155299)
(0.065657,-0.473151)
(-0.181519,-0.235446)
(-0.100853,-0.399844)
(-0.284369,-0.612081)
(-0.0728342,-0.262425)
(-0.0285495,-0.531911)
(-0.178252,-0.106905)
(-0.227362,-0.200643)
(-0.148306,-0.173221)
(-0.207143,-0.354705)
(-0.0323607,-0.145148)
(-0.229535,-0.164691)
(-0.265803,-0.259502)
(0.275309,-0.291513)
(-0.0449852,-0.290552)
(-0.0825116,-0.304121)
(0.0767601,-0.217834)
(0.170145,-0.459934)
(-0.0789654,-0.180222)
(-0.149369,-0.225483)
(-0.124709,-0.157987)
(-0.159566,-0.125189)
(0.378142,-0.222554)
(0.0106102,-0.288655)
(-0.000518231,-0.214824)
(0.0302074,-0.26557)
(0.0827352,-0.392075)
(-0.0619913,-0.170311)
(-0.0524978,-0.316037)
(0.0102388,-0.17723)
(0.017582,-0.166748)
(0.164829,-0.140094)
(0.0146662,-0.165173)
(0.0430591,-0.160601)
(0.104911,-0.175408)
(0.00589175,-0.134608)
(0.0231514,-0.136447)
(-0.15581,-0.280091)
(-0.0437865,-0.166837)
(-0.0113961,-0.141652)
(-0.0945981,-0.0983025)
(-0.0254433,-0.29117)
(-0.0103824,-0.19971)
(-0.0391595,-0.267597)
(0.0787143,-0.0459006)
(-0.171893,-0.0662343)
(-0.0701964,-0.132049)
(0.0252188,-0.164634)
(-0.0187159,-0.117356)
(0.144623,0.0472019)
(0.035476,-0.103103)
(0.0146955,-0.147259)
(-0.0773183,-0.128077)
(0.103327,-0.141673)
(0.0328521,-0.151993)
(-0.0137573,-0.166536)
(0.0340794,-0.116667)
(-0.00831178,-0.1626)
(0.0548732,-0.0346312)
(0.0539845,-0.131484)
(0.0721363,-0.114079)
(-0.0415065,-0.0900947)
(-0.0170182,-0.11121)
(0.00218266,-0.10223)
(0.00613899,-0.110139)
(0.0293665,-0.10799)
(-0.00418396,-0.139199)
(0.0367645,-0.144112)
(0.00453543,-0.137144)
(0.0184009,-0.121487)
(-0.00929765,-0.0967802)
(-0.00309658,-0.103841)
(0.0379736,-0.141889)
(0.0333015,-0.127006)
(0.0645992,-0.144297)
(5.20833e-05,-0.113747)
(0.0149367,-0.134145)
(0.000855378,-0.091025)
(0.00242558,-0.0818171)
(0.0115493,-0.0948304)
(0.0310516,-0.130768)
(0.0149128,-0.115723)
(0.0629425,-0.10345)
(0.0547074,-0.0859215)
(0.132649,-0.123667)
(-0.0462292,-0.12384)
(0.0615419,-0.0735987)
(0.0410628,-0.102685)
(0.0430698,-0.0865853)
(0.0267185,-0.101077)
(0.0432409,-0.0911967)
(-0.0160481,-0.0888765)
(0.0141051,-0.0929657)
(0.0281301,-0.0840414)
(0.0131573,-0.0925685)
(0.0137948,-0.100203)
(0.0172339,-0.107259)
(0.0176576,-0.094042)
(0.0242571,-0.0754138)
(0.0301919,-0.0776928)
(0.0261319,-0.0925868)
(0.0341874,-0.0859058)
(0.0293853,-0.0797248)
(0.0292395,-0.0649149)
(0.0252425,-0.0964374)
(0.0139467,-0.103708)
(0.0276687,-0.072325)
(0.0266909,-0.0815449)
(0.0275669,-0.0847943)
(0.0223618,-0.0841417)
(0.0401274,-0.0762591)
(0.0314061,-0.0973584)
(0.0228764,-0.0830385)
(0.0368021,-0.127714)
(0.0351805,-0.065828)
(0.0322715,-0.0674306)
(0.0457127,-0.0718067)
(0.0234468,-0.0810367)
(0.0306856,-0.081381)
(0.0260985,-0.0834924)
(0.0227223,-0.0693922)
(0.00291634,-0.0984705)
(0.0307481,-0.0733324)
(0.0404221,-0.0751314)
(0.0295825,-0.0774304)
(0.0185611,-0.0756149)
(0.0361255,-0.0793057)
(0.0284078,-0.0811153)
(0.045033,-0.0821011)
(0.00920921,-0.064409)
(0.0214484,-0.0500212)
(0.0245665,-0.0563237)
(0.0290327,-0.0664914)
(0.0266384,-0.0657105)
(0.0205415,-0.0629076)
(0.0243221,-0.0600148)
(0.0260684,-0.0710362)
(0.0430568,-0.0483026)
(0.0255795,-0.0500589)
(0.0282323,-0.0713135)
(0.0329123,-0.0612438)
(0.0312917,-0.0533356)
(0.0242254,-0.0486212)
(0.0243998,-0.0526243)
(0.056763,-0.0261251)
(0.0312095,-0.0698541)
(0.0180526,-0.0609999)
(0.0147766,-0.0490924)
(0.0262984,-0.0442022)
(0.00743591,-0.0322751)
(0.0582817,-0.0889385)
(0.0344426,-0.0619289)
(0.0289997,-0.0371826)
(0.0469716,-0.0623981)
(0.0315139,-0.0527204)
(0.0316691,-0.0547355)
(0.0219752,-0.0494706)
(0.047597,-0.052892)
(0.037025,-0.0637075)
(0.0364244,-0.061361)
(0.0236191,-0.05472)
(0.031015,-0.0586438)
(0.0297724,-0.0586503)
(0.0326406,-0.0620051)
(0.0289835,-0.0536124)
(0.0370586,-0.0520929)
(0.0381235,-0.0488251)
(0.0297377,-0.0495658)
(0.0330778,-0.0505939)
(0.0326492,-0.0466632)
(0.0342218,-0.0763642)
(0.0281557,-0.0494645)
(0.0272232,-0.0582524)
(0.0255355,-0.0532835)
(0.0338827,-0.0587331)
(0.0223631,-0.0573841)
(0.0530774,-0.0291565)
(-0.00262037,-0.0787832)
(0.0290189,-0.0601627)
(0.0332468,-0.0519554)
(0.0275454,-0.0460358)
(0.027859,-0.0468322)
(0.0180122,-0.0443942)
(0.0200554,-0.0299198)
(0.0441058,-0.0753948)
(0.0354335,-0.0561707)
(0.0318891,-0.0568521)
(0.0371768,-0.04602)
(0.0279077,-0.0472713)
(0.0429928,-0.0558118)
(0.034997,-0.0499717)
(0.0262997,-0.0600744)
(0.0446883,-0.0450086)
(0.0319327,-0.0493729)
(0.038712,-0.0451541)
(0.0301466,-0.0430104)
(0.0316126,-0.04826)
(0.0398822,-0.0489526)
(0.0236583,-0.0457282)
(0.0295373,-0.0489246)
(0.0422835,-0.0499746)
(0.0310578,-0.0480284)
(0.0377891,-0.0470185)
(0.0334391,-0.0436399)
(0.0397565,-0.0475041)
(0.0258136,-0.0501597)
(0.0319104,-0.035017)
(0.0371968,-0.0483031)
(0.0402166,-0.0418798)
(0.0319973,-0.0448301)
(0.0335741,-0.0421725)
(0.0324692,-0.0362979)
(0.0319716,-0.0387576)
(0.035907,-0.0504199)
(0.0307636,-0.0386415)
(0.0341675,-0.0460641)
(0.0290447,-0.0462791)
(0.0333978,-0.0409736)
(0.0280943,-0.0422401)
(0.0354898,-0.0356364)
(0.0379019,-0.0387945)
(0.0384755,-0.0385494)
(0.0299463,-0.0446177)
(0.0334015,-0.0407715)
(0.0281878,-0.0447187)
(0.0298796,-0.0414896)
(0.0225825,-0.0419865)
(0.0406446,-0.0362616)
(0.0434046,-0.0323009)
(0.0415969,-0.0319501)
(0.0376631,-0.0423326)
(0.0388248,-0.0366383)
(0.0373446,-0.0350487)
(0.0389006,-0.037207)
(0.026827,-0.0346082)
(0.028596,-0.0388258)
(0.0418095,-0.0323408)
(0.0400819,-0.0320909)
(0.0381366,-0.030522)
(0.0308047,-0.037928)
(0.0311282,-0.0340836)
(0.0335298,-0.0303111)
(0.031957,-0.0259271)
(0.034743,-0.0333995)
(0.0355612,-0.031124)
(0.0397389,-0.0342189)
(0.0322655,-0.0354502)
(0.0335744,-0.0384811)
(0.0356736,-0.0402429)
(0.0347293,-0.0319334)
(0.0345472,-0.0342742)
(0.0412367,-0.0323792)
(0.0398131,-0.0270977)
(0.0391552,-0.0378635)
(0.0354187,-0.028052)
(0.0391245,-0.0376742)
(0.0388104,-0.0399463)
(0.0372979,-0.0314654)
(0.0288874,-0.033349)
(0.0373128,-0.0318393)
(0.0361068,-0.0296224)
(0.0312972,-0.0322571)
(0.0357699,-0.028358)
(0.0322965,-0.0264929)
(0.0292723,-0.0294092)
(0.030555,-0.0344016)
(0.040506,-0.0273199)
(0.0400984,-0.0282841)
(0.0334385,-0.0273763)
(0.0400186,-0.0261983)
(0.0341572,-0.0350677)
(0.0375577,-0.0228209)
(0.034009,-0.0235284)
(0.0289085,-0.0295864)
(0.0354545,-0.03043)
(0.0298182,-0.035007)
(0.0326871,-0.0301998)
(0.0364219,-0.0261295)
(0.0315027,-0.0307005)
(0.0343034,-0.0297095)
(0.0437539,-0.0345364)
(0.0349193,-0.0218677)
(0.0347649,-0.0304501)
(0.0350002,-0.0277481)
(0.0380863,-0.0268113)
(0.0458909,-0.0293768)
(0.0386957,-0.0284205)
(0.0405189,-0.0238843)
(0.0321399,-0.0198608)
(0.0311987,-0.0207803)
(0.0364952,-0.020651)
(0.0331926,-0.0194686)
(0.0359415,-0.0245177)
(0.0426313,-0.0212211)
(0.0307014,-0.0279427)
(0.036891,-0.0222113)
(0.0337784,-0.0173735)
(0.0417814,-0.0251846)
(0.0464711,-0.0227188)
(0.0183833,-0.028986)
(0.0359153,-0.0235945)
(0.0278481,-0.0285946)
(0.0309627,-0.0193343)
(0.0343443,-0.0244844)
(0.0395228,-0.0267359)
(0.0348231,-0.0211307)
(0.0367643,-0.0211369)
(0.036479,-0.0236334)
(0.0392054,-0.0283307)
(0.0372462,-0.022084)
(0.043003,-0.0201886)
(0.0348961,-0.017512)
(0.0338941,-0.0272266)
(0.0338632,-0.0285525)
(0.0379679,-0.0251486)
(0.0400054,-0.0209037)
(0.0346153,-0.0324667)
(0.0355917,-0.0176035)
(0.0336046,-0.0151535)
(0.0406895,-0.0173019)
(0.03745,-0.0243115)
(0.042612,-0.0223163)
(0.0351815,-0.0181778)
(0.0370339,-0.0222629)
(0.0425003,-0.0248102)
(0.0354175,-0.0197817)
(0.0304561,-0.0152873)
(0.0306376,-0.0220537)
(0.0399293,-0.0254586)
(0.0256998,-0.0277592)
(0.034446,-0.0215571)
(0.0325947,-0.0167618)
(0.0359719,-0.0170295)
(0.0321502,-0.0270351)
(0.0331341,-0.0189581)
(0.0352924,-0.019821)
(0.0386092,-0.0234934)
(0.0404528,-0.0115266)
(0.0392158,-0.0141086)
(0.0361376,-0.0153004)
(0.0385479,-0.0150175)
(0.0443191,-0.0254616)
(0.0337588,-0.010413)
(0.0387423,-0.0162701)
(0.0441165,-0.014517)
(0.0390251,-0.0177811)
(0.0306691,-0.0201803)
(0.0341553,-0.0193792)
(0.0296121,-0.0164856)
(0.0403145,-0.0151244)
(0.0421245,-0.0195932)
(0.039733,-0.0178356)
(0.0280748,-0.0211852)
(0.0372618,-0.0135634)
(0.0421252,-0.0213759)
(0.0383692,-0.0166805)
(0.0404416,-0.0165942)
(0.0431508,-0.019527)
(0.0354371,-0.0210382)
(0.0326392,-0.0170307)
(0.0349063,-0.00845856)
(0.0422283,-0.0097666)
(0.0365334,-0.0105355)
(0.0327442,-0.0146549)
(0.0356473,-0.0153909)
(0.0324099,-0.0130854)
(0.0356567,-0.00243706)
(0.0381563,-0.0221312)
(0.0352882,-0.0123058)
(0.0299629,-0.0102025)
(0.0288659,-0.00584402)
(0.0393495,-0.00456388)
(0.0373565,-0.0170659)
(0.0430546,-0.0159708)
(0.0407481,-0.0169884)
(0.0304701,-0.00908807)
(0.0417462,-0.0131768)
(0.031695,-0.0182694)
(0.034516,-0.00621577)
(0.0301271,-0.0146572)
(0.0504976,-0.0125055)
(0.0446326,-0.0128362)
(0.0327973,-0.00785044)
(0.0430486,-0.0131815)
(0.0337235,-0.00898898)
(0.0335736,-0.0101301)
(0.0298957,-0.0149373)
(0.0271624,-0.0189281)
(0.0346813,-0.00560816)
(0.0302621,-0.00621246)
(0.0412592,-0.0137831)
(0.0333406,-0.00121679)
(0.0394421,-0.010578)
(0.0356533,-0.0117629)
(0.0271464,-0.00990648)
(0.0376298,-0.0159552)
(0.037588,-0.00467143)
(0.0397679,-0.0113061)
(0.0381957,-0.0140377)
(0.0293899,-0.0141574)
(0.0445495,-0.0130262)
(0.0350161,-0.014236)
(0.0418767,-0.00775149)
(0.033584,-0.00971445)
(0.0376377,-0.00681516)
(0.0397777,-0.00974049)
(0.0438367,-0.00618411)
(0.0306251,-0.00875639)
(0.0321129,-0.00224409)
(0.0408735,-0.0140784)
(0.0340176,-0.00463943)
(0.0413975,-0.0081468)
(0.0288794,-0.00400003)
(0.0501381,-0.00530919)
(0.0301323,-0.00396755)
(0.0288578,-0.0103322)
(0.0496052,-0.00744908)
(0.0449118,-0.00236517)
(0.0293816,-0.006523)
(0.0396372,-0.00972745)
(0.0392028,0.00488706)
(0.0362813,-0.00943504)
(0.035398,-0.0113179)
(0.0342756,-0.00295831)
(0.0374811,-0.00244706)
(0.0397388,-0.00703295)
(0.0373954,-0.00106964)
(0.0353673,-0.0127004)
(0.0370663,-0.00687544)
(0.0384182,-0.00394386)
(0.0346105,-0.00479071)
(0.0382288,-0.00786009)
(0.0318376,-0.00655365)
(0.0380856,0.00308797)
(0.0358883,-0.00565723)
(0.0327035,-0.00880207)
(0.0339382,-0.00999075)
(0.0389497,0.000431582)
(0.0338927,-0.00361875)
(0.0418971,-0.00706577)
(0.0390651,-0.000876673)
(0.036888,-0.00802264)
(0.0358482,-0.00526273)
(0.0356387,-0.00170764)
(0.0374599,-0.0105397)
(0.037855,-0.00180187)
(0.0384604,-0.00413354)
(0.035338,-0.0020726)
(0.0372661,-0.00340372)
(0.0372229,0.00106858)
(0.036859,-0.00537044)
(0.0371012,-0.00938486)
(0.0348161,-0.00260741)
(0.0325181,-0.00991765)
(0.0343406,-0.00734413)
(0.0279119,0.00350738)
(0.0340102,-0.00606397)
(0.0362917,-0.00524744)
(0.0388395,0.00744405)
(0.0424447,-0.00111011)
(0.0358284,-0.00191024)
(0.0351491,-0.00382137)
(0.0345014,-0.00614738)
(0.0442312,-0.00120258)
(0.036254,-0.00165373)
(0.0342126,-0.00106269)
(0.0404449,-0.00337887)
(0.0361021,-0.0066033)
(0.0329709,-0.00985968)
(0.0360546,0.00156462)
(0.0359588,0.00060463)
(0.034894,-0.00236607)
(0.0374715,-0.00208783)
(0.0361601,0.00161934)
(0.038929,-0.000580788)
(0.0319252,-0.00276852)
(0.0316706,0.000501633)
(0.0346375,0.00532818)
(0.0313034,-0.0049057)
(0.0312958,0)
(0.0313225,0.0049057)
(0.034626,-0.00532532)
(0.0316772,-0.000497818)
(0.0319257,0.0027647)
(0.0389271,0.000585556)
(0.0361624,-0.00161552)
(0.0374714,0.00208926)
(0.0348911,0.00236416)
(0.0359578,-0.000602245)
(0.0360534,-0.00156522)
(0.0329695,0.0098598)
(0.0361025,0.00660282)
(0.0404435,0.00337785)
(0.0342124,0.00106514)
(0.0362539,0.00164929)
(0.0442307,0.00120234)
(0.0345003,0.00614929)
(0.0351493,0.00381851)
(0.035828,0.00191095)
(0.0424448,0.00111027)
(0.0388395,-0.00744408)
(0.0362915,0.00524749)
(0.0340098,0.00606403)
(0.0279111,-0.00350708)
(0.0343407,0.00734416)
(0.0325182,0.00991718)
(0.0348159,0.00260693)
(0.0371013,0.00938525)
(0.0368596,0.0053699)
(0.037221,-0.0010689)
(0.0372687,0.00340486)
(0.035338,0.0020726)
(0.0384618,0.00413129)
(0.0378543,0.00180258)
(0.0374612,0.0105397)
(0.0356387,0.0017069)
(0.0358481,0.00526331)
(0.0368883,0.00802305)
(0.0390651,0.000876702)
(0.0418965,0.00706533)
(0.0338925,0.00361867)
(0.0389498,-0.000431895)
(0.0339383,0.00999011)
(0.0327033,0.00880271)
(0.0358898,0.00565673)
(0.0380835,-0.00308873)
(0.0318417,0.00655533)
(0.0382288,0.00786006)
(0.0346059,0.0047871)
(0.0384198,0.00394502)
(0.0370659,0.00687402)
(0.0353668,0.012701)
(0.0373959,0.0010692)
(0.0397388,0.00703245)
(0.0374809,0.00244716)
(0.0342764,0.00295828)
(0.0353978,0.0113178)
(0.0362817,0.00943492)
(0.0392028,-0.00488755)
(0.0396367,0.00972768)
(0.0293822,0.00652404)
(0.0449114,0.00236423)
(0.0496037,0.00744936)
(0.0288578,0.0103322)
(0.0301348,0.00396717)
(0.0501367,0.00531033)
(0.0288805,0.00400007)
(0.0413973,0.00814699)
(0.0340182,0.00463953)
(0.0408737,0.0140785)
(0.0321131,0.0022441)
(0.0306247,0.00875627)
(0.0438367,0.00618397)
(0.039778,0.00974038)
(0.0376379,0.0068147)
(0.0335837,0.00971481)
(0.0418776,0.00775139)
(0.0350152,0.0142353)
(0.044552,0.013028)
(0.0293899,0.0141573)
(0.0381915,0.014036)
(0.0397697,0.0113068)
(0.0375875,0.00467023)
(0.0376292,0.015956)
(0.0271467,0.00990593)
(0.0356533,0.0117625)
(0.0394418,0.0105782)
(0.0333408,0.00121737)
(0.041259,0.013783)
(0.0302621,0.00621213)
(0.0346808,0.0056082)
(0.0271629,0.0189285)
(0.029896,0.0149366)
(0.0335732,0.0101305)
(0.0337256,0.00898893)
(0.0430486,0.0131815)
(0.0327983,0.00784937)
(0.0446311,0.0128377)
(0.0504982,0.0125052)
(0.0301268,0.0146569)
(0.0345158,0.00621639)
(0.0316952,0.0182697)
(0.0417463,0.0131767)
(0.0304699,0.0090882)
(0.0407479,0.0169884)
(0.0430542,0.0159704)
(0.0373555,0.0170658)
(0.03935,0.00456398)
(0.028865,0.00584292)
(0.0299622,0.0102042)
(0.035289,0.012301)
(0.0381563,0.0221312)
(0.035654,0.00244132)
(0.0324108,0.013083)
(0.0356459,0.0153919)
(0.0327448,0.0146554)
(0.0365327,0.010535)
(0.0422278,0.0097668)
(0.0349064,0.00845818)
(0.0326389,0.0170301)
(0.0354371,0.0210383)
(0.0431513,0.0195269)
(0.040442,0.0165928)
(0.0383682,0.0166811)
(0.0421258,0.0213775)
(0.0372615,0.0135621)
(0.0280788,0.0211887)
(0.039733,0.0178356)
(0.0421228,0.0195943)
(0.0403144,0.015125)
(0.0296121,0.0164859)
(0.0341554,0.0193792)
(0.0306689,0.02018)
(0.039025,0.0177808)
(0.0441168,0.0145168)
(0.0387425,0.0162687)
(0.0337591,0.0104127)
(0.0443194,0.0254618)
(0.038548,0.0150173)
(0.0361377,0.0153008)
(0.0392166,0.0141086)
(0.0404521,0.0115256)
(0.0386112,0.0234942)
(0.0352924,0.0198211)
(0.0331317,0.018957)
(0.0321517,0.0270352)
(0.0359711,0.017029)
(0.0325947,0.0167623)
(0.0344459,0.0215566)
(0.0256997,0.0277593)
(0.0399289,0.0254586)
(0.0306381,0.022054)
(0.0304559,0.0152871)
(0.0354174,0.0197819)
(0.0425003,0.0248107)
(0.0370338,0.0222621)
(0.0351806,0.0181784)
(0.0426143,0.0223174)
(0.0374446,0.0243104)
(0.0406895,0.0173019)
(0.0336072,0.0151557)
(0.0355898,0.0176032)
(0.0346157,0.0324679)
(0.0400057,0.0209032)
(0.0379675,0.0251488)
(0.0338633,0.0285528)
(0.0338944,0.0272266)
(0.0348956,0.0175119)
(0.0430033,0.0201885)
(0.0372463,0.0220839)
(0.0392052,0.0283305)
(0.0364788,0.0236337)
(0.0367647,0.0211368)
(0.0348228,0.0211306)
(0.0395223,0.0267348)
(0.0343442,0.0244845)
(0.0309614,0.0193363)
(0.0278489,0.0285931)
(0.0359145,0.0235946)
(0.0183837,0.0289866)
(0.0464706,0.0227184)
(0.0417808,0.0251847)
(0.0337782,0.0173732)
(0.0368907,0.0222115)
(0.0307013,0.0279426)
(0.0426315,0.0212217)
(0.0359426,0.0245178)
(0.0331918,0.0194685)
(0.0364953,0.0206509)
(0.0311992,0.0207803)
(0.0321365,0.0198628)
(0.0405189,0.0238843)
(0.0387,0.0284213)
(0.0458897,0.0293769)
(0.0380861,0.0268114)
(0.0350003,0.0277474)
(0.0347642,0.0304508)
(0.0349196,0.0218685)
(0.0437541,0.0345366)
(0.0343035,0.029709)
(0.0315026,0.0307008)
(0.0364222,0.0261301)
(0.0326878,0.0301998)
(0.0298174,0.035007)
(0.035455,0.0304313)
(0.0289097,0.0295848)
(0.0340079,0.023533)
(0.0375576,0.0228209)
(0.0341573,0.0350652)
(0.0400188,0.0261991)
(0.0334388,0.0273753)
(0.0400977,0.0282841)
(0.0405066,0.0273197)
(0.030555,0.0344014)
(0.0292724,0.029409)
(0.0322966,0.0264931)
(0.0357701,0.0283576)
(0.0312973,0.0322571)
(0.0361067,0.0296225)
(0.0373128,0.0318394)
(0.0288867,0.0333484)
(0.0372976,0.0314665)
(0.0388108,0.0399445)
(0.0391244,0.0376742)
(0.035417,0.0280564)
(0.0391558,0.0378618)
(0.0398122,0.0270985)
(0.0412371,0.0323797)
(0.0345467,0.0342742)
(0.0347288,0.0319335)
(0.0356737,0.0402431)
(0.0335748,0.0384808)
(0.0322651,0.0354503)
(0.0397384,0.0342194)
(0.0355608,0.0311251)
(0.0347433,0.0333986)
(0.0319555,0.0259267)
(0.0335312,0.0303156)
(0.0311252,0.0340795)
(0.0308043,0.0379284)
(0.0381337,0.0305245)
(0.040084,0.0320905)
(0.0418081,0.0323404)
(0.028596,0.0388267)
(0.0268269,0.0346079)
(0.0389002,0.0372072)
(0.0373425,0.0350471)
(0.0388224,0.0366418)
(0.0376626,0.0423316)
(0.0415975,0.0319461)
(0.0433998,0.0322971)
(0.0406473,0.0362659)
(0.0225859,0.0419807)
(0.0298667,0.0414925)
(0.0282011,0.0447111)
(0.0334015,0.0407715)
(0.0299406,0.0446215)
(0.0384798,0.0385466)
(0.0378985,0.0387936)
(0.03549,0.0356379)
(0.0280943,0.0422363)
(0.0333962,0.0409719)
(0.0290447,0.0462785)
(0.034169,0.0460644)
(0.030764,0.0386403)
(0.0359078,0.05042)
(0.031972,0.0387571)
(0.0324693,0.036298)
(0.0335744,0.0421727)
(0.0319971,0.0448294)
(0.0402174,0.04188)
(0.0371971,0.0483032)
(0.0319073,0.035019)
(0.025816,0.050159)
(0.0397549,0.0475043)
(0.0334395,0.0436406)
(0.037789,0.0470176)
(0.0310575,0.0480282)
(0.0422835,0.0499746)
(0.0295379,0.0489243)
(0.0236583,0.0457283)
(0.0398819,0.0489532)
(0.0316128,0.0482607)
(0.0301467,0.0430094)
(0.0387107,0.0451544)
(0.0319348,0.0493739)
(0.0446829,0.045007)
(0.0262997,0.0600744)
(0.035,0.0499749)
(0.0429922,0.0558113)
(0.0279081,0.0472722)
(0.0371773,0.0460195)
(0.0318888,0.0568519)
(0.0354341,0.0561709)
(0.0441059,0.0753946)
(0.0200549,0.0299201)
(0.0180125,0.044394)
(0.0278594,0.0468319)
(0.0275453,0.0460352)
(0.0332471,0.0519563)
(0.0290197,0.0601618)
(-0.00262264,0.0787829)
(0.0530814,0.0291562)
(0.0223632,0.0573841)
(0.0338807,0.0587341)
(0.0255365,0.0532827)
(0.0272225,0.0582518)
(0.0281558,0.0494648)
(0.0342216,0.0763638)
(0.0326492,0.0466631)
(0.033078,0.0505942)
(0.0297384,0.0495653)
(0.0381235,0.048825)
(0.0370585,0.0520933)
(0.0289839,0.0536125)
(0.0326402,0.0620049)
(0.0297731,0.0586513)
(0.0310142,0.0586417)
(0.0236199,0.0547231)
(0.0364244,0.061361)
(0.0370213,0.063704)
(0.0475988,0.0528934)
(0.0219753,0.0494695)
(0.0316685,0.054736)
(0.0315146,0.0527203)
(0.0469713,0.0623976)
(0.0289998,0.0371827)
(0.0344431,0.0619287)
(0.0582816,0.0889384)
(0.00743577,0.0322755)
(0.0262986,0.0442029)
(0.0147767,0.0490915)
(0.0180514,0.0610005)
(0.0312117,0.0698553)
(0.0567584,0.0261227)
(0.0243999,0.0526243)
(0.0242261,0.0486232)
(0.0312913,0.0533346)
(0.0329125,0.0612444)
(0.0282326,0.0713136)
(0.0255797,0.0500589)
(0.0430569,0.0483025)
(0.0260685,0.0710365)
(0.0243226,0.0600149)
(0.0205418,0.0629076)
(0.0266382,0.0657105)
(0.0290326,0.0664916)
(0.0245665,0.0563237)
(0.0214486,0.0500216)
(0.00920912,0.0644075)
(0.0450328,0.0821026)
(0.0284078,0.0811153)
(0.0361259,0.0793002)
(0.0185609,0.0756183)
(0.029584,0.0774286)
(0.0404213,0.0751309)
(0.0307493,0.073333)
(0.00291684,0.0984703)
(0.0227223,0.0693922)
(0.0260985,0.0834926)
(0.0306858,0.0813811)
(0.0234471,0.0810368)
(0.045713,0.0718065)
(0.0322713,0.0674308)
(0.0351804,0.0658282)
(0.0368025,0.127713)
(0.0228758,0.0830411)
(0.0314061,0.0973584)
(0.0401299,0.0762579)
(0.0223604,0.0841424)
(0.0275673,0.0847942)
(0.0266906,0.081545)
(0.027669,0.0723255)
(0.0139469,0.103708)
(0.0252423,0.0964371)
(0.0292396,0.0649151)
(0.0293853,0.0797247)
(0.0341881,0.0859056)
(0.0261318,0.092586)
(0.0301917,0.077693)
(0.0242586,0.0754138)
(0.0176555,0.0940418)
(0.0172367,0.10726)
(0.0137948,0.100203)
(0.0131582,0.0925668)
(0.0281297,0.0840413)
(0.0141053,0.0929648)
(-0.0160485,0.0888768)
(0.0432415,0.0911972)
(0.026719,0.101077)
(0.0430699,0.0865854)
(0.0410631,0.102685)
(0.061542,0.0735989)
(-0.046229,0.12384)
(0.132649,0.123668)
(0.0547069,0.0859213)
(0.0629426,0.103451)
(0.0149138,0.115722)
(0.0310504,0.13077)
(0.0115493,0.0948304)
(0.00242727,0.0818148)
(0.000854739,0.0910256)
(0.0149372,0.134145)
(5.18672e-05,0.113747)
(0.0645993,0.144297)
(0.0333017,0.127005)
(0.0379735,0.141888)
(-0.0030963,0.103841)
(-0.0092975,0.0967801)
(0.0184013,0.121488)
(0.00453563,0.137144)
(0.0367641,0.144112)
(-0.00418433,0.139199)
(0.0293676,0.10799)
(0.00613705,0.11014)
(0.00218266,0.10223)
(-0.0170147,0.111209)
(-0.0415078,0.0900954)
(0.0721368,0.114079)
(0.0539842,0.131483)
(0.0548733,0.0346319)
(-0.00831114,0.1626)
(0.0340795,0.116667)
(-0.0137574,0.166536)
(0.0328523,0.151993)
(0.103327,0.141673)
(-0.0773181,0.128078)
(0.0146955,0.147259)
(0.0354757,0.103103)
(0.144624,-0.0472018)
(-0.0187165,0.117357)
(0.0252188,0.164634)
(-0.0701953,0.13205)
(-0.171894,0.0662336)
(0.0787146,0.0459012)
(-0.0391594,0.267597)
(-0.0103826,0.19971)
(-0.0254432,0.29117)
(-0.094598,0.0983025)
(-0.0113963,0.141652)
(-0.0437864,0.166837)
(-0.15581,0.280091)
(0.0231515,0.136447)
(0.00589123,0.134608)
(0.104911,0.175408)
(0.043059,0.160599)
(0.0146666,0.165178)
(0.164829,0.140094)
(0.0175828,0.166743)
(0.0102388,0.177233)
(-0.0524971,0.316036)
(-0.061992,0.170311)
(0.0827352,0.392075)
(0.0302075,0.26557)
(-0.000518007,0.214824)
(0.0106096,0.288655)
(0.378142,0.222554)
(-0.159566,0.125189)
(-0.124709,0.157986)
(-0.149369,0.225484)
(-0.0789643,0.180221)
(0.170143,0.459934)
(0.0767642,0.217833)
(-0.0825116,0.304121)
(-0.0449912,0.290553)
(0.275311,0.291512)
(-0.265804,0.259501)
(-0.229535,0.164692)
(-0.0323606,0.145147)
(-0.207143,0.354705)
(-0.148306,0.173221)
(-0.227362,0.200643)
(-0.178253,0.106905)
(-0.0285496,0.531911)
(-0.0728341,0.262426)
(-0.284369,0.61208)
(-0.100854,0.399844)
(-0.181518,0.235447)
(0.0656549,0.473151)
(-0.121951,0.155299)
(-0.302529,0.597092)
(-0.402986,0.496611)
(-0.308114,0.542736)
(-0.196871,0.227629)
(-1.18871,0.809042)
(-0.436823,0.398826)
(-0.362464,0.526472)
(-0.960224,0.815775)
(-1.00581,0.3334)
(-0.387026,0.40893)
(-0.722639,0.487253)
(-1.01034,0.187262)
(-0.91693,-0.598865)
(3.96384,9.06433)
(-0.476852,2.45986)
(-1.67355,2.1981)
(2.24489,0.797143)
(0.459126,1.73409)
(-0.770806,1.75429)
(-1.36729,1.38536)
(-1.82692,2.70372)
(-1.59324,3.43783)
(-9.3215,-6.2916)
(-8.13407,17.1699)
(-3.31176,-5.24713)
(-0.298632,-20.9937)
(-21.5476,-17.8007)
(13.5442,18.263)
(17.2257,-31.7725)
(-52.6104,17.927)
(89.0756,-37.3296)
